#c:/Users/Andrea/Desktop/Artificial Intelligence/Blockchain and Cryptocurrencies/CosmosAnalyzer/analysis/printer.py
# GMT Mon Apr  3 15:34:16 2023
# 
0 133
133
1 134 135 40 136 7 139 140 142 143 144 145 147 149 150 151 153 154 156 157 14 15 160 161 163 164 165 166 168 169 170 171 173 174 175 177 178 179 181 182 183 184 185 186 187 188 189 191 193 194 195 196 197 198 199 200 201 202 203 204 205 206 207 208 209 210 211 212 29 213 215 217 218 219 220 221 223 224 227 228 229 230 231 232 233 234 235 237 172 238 239 240 241 242 243 244 245 246 247 248 249 250 251 252 253 254 255 256 257 258 259 260 261 262 263 265 266 267 268 269 270 272 273 274 275 276 277 278 280 282 283 284 285 286 287 288 289 290 291 292 293 294 295 298 299 300 301 302 303 304 305 306 307 309 312 313 314 315 316 50 317 318 319 320 321 322 323 324 325 327 331 332 333 335 337 338 339 236 340 330 341 342 344 346 348 350 351 87 352 353 354 355 67 356 357 66 359 361 362 363 364 365 366 367 368 369 370 372 374 375 376 377 378 379 380 381 382 383 385 388 389 391 393 396 397 398 399 102 113 94 98 106 100 109 103 111 108 112 110 107 101 401 402 403 404 405 390 406 407 408 409 411 412 413 415 416 417 418 419 420 421 422 425 426 427 428 429 430 121 431 432 433 434 435 436 437 438 439 114 440 441 442 443 444 448 449 450 451 452 453 454 455 456 457 458 459 460 461 462 463 464 465 466 467 468 469 470 471 472 473 474 475 476 477 478 480 481 483 484 485 486 488 490 492 493 125 494 126 496 498 499 501 502 503 129 504 505 506 507 423 508 510 511 512 513 514 516 517 518 519
134
135
40 26 281 310 311 334 345 62 423
136
2 137
137
3 138
138 5 9 22 23 27 28 29 30 36 49 64 67 74 77 80 82 84 88 89 91 104 115 117 118 127 132
7 152
139
140
4 141
141 58 83
142
143
5
6 9 146 148 19 214 31
9
144
145
146
147
148 56 63
149
150
151 10
152 37 38
153
154
8 155
155
156
157
14 167
10
11 158
158
12 159
159
15 172
160
161
13 162
162 45 52
163
164
165
166
167
168
169
170
171
172
173
16 18
18
174
175
17 176 236
176
19
177
20 26
26
178
179
21 180
180
22
181
182
183
184
185
186
187
188
189
23
24 190
190
191
25 192
192
193
194
195
196
197
198
27
199
200
201
202
28
203
204
205
206
207
208
209
210
211
212
29
213
30
214
31
215
32 216
216
217
218
219
220
221
33 222
222
223
224
34 225 264 279
225
35 226
226
227
228
36
229
230
231
232
233
234
235
37
236
237
238
239
240
241
242
243
244
245
246
247
248
249
250
251
252
253
254
255
256
257
258
259
260
261
262
263
38
264
265
266
267
268
269
270
39 271
271
272
273
274
275
276
277
278
279
280
281
282
283
284
285
286
287
288
289
290
291
292
41 127
127
293
294
295
42 296
296
43 297
297
298
299
300
301
302
303
304
305
306
307
44 308
308 81 93 128
309
310
311
312
313
314
315
316
45
50 330
317
318
319
320
321
322
323
324
325
46 326
326
327
47 328
328
48 329
329
49
330
331
332
333
334
335
51 336
336 53 54 59 61 65
337
52
338
339
53
340
341
342
54
55 343
343
56
344
345
346
57 347 358
347
58
59
348
60 349
349
61
350
351
87 424
352 90
353
354
62
355
67 360
63
356
357
64
66 77
65
77
358
359
360
361
362
363
364
365
366
367
368
369
370
68 371
371
372
69 373
373
374
375
376
377
378
379
380
381
382
383
70 384
384
71 84
84
385
72 386
386 92 105
73 387
387
74 447
388
389
75 390
390
391
76 392
392
393
78 394 395
394
395
396
397
398
399
79 400
400
80
102 445
113 445
94 445
98 445
106 445
100 445
109 445
103 445
111 445
108 445
112 445
110 445
107 445
101 445
401
81
402
82
403
83
404
405
406
407
408
409
85 410
410
411
412
413
86 414
414
415
416
417
418
419
420
421
422
423
424
425
426
427
428
88
429
430
121 487
431
89
432
433
434
435
436
437
90
91
438
92
439
114 449
440
441
442
93
443
444
445 95 97 99
95
96 446
446
97
99
447
104
448
449 116 125
105
450
451
452
453
115
116
454
117
455
456
457
458
459
460
461
462
463
464
118
465
466
467
468
469
470
471
472
473
474
475
476
477
478
119 479
479
480
481
120 482
482
483
484
485
486
487
488
122 489
489
490
123 491 495 497 500 130
491
492
493
125
494
124 129
129 126 509
495
126
496
497
498
499
500
501
502
503
504
505
506
507
128
508
509
510
511
512
130
513
514
131 515
515
516
517
132
518
519
